# Created by Octave 7.3.0, Mon Apr 10 09:08:32 2023 GMT <unknown@RIFQI>
# name: X
# type: scalar
1


# name: Y
# type: scalar
3


# name: ans
# type: scalar
3


# name: f
# type: matrix
# rows: 1
# columns: 3
 0 0 88.790000000000006


# name: f_t1
# type: scalar
356.16000000000003


# name: f_t2
# type: scalar
89.790000000000006


# name: g
# type: scalar
9.8100000000000005


# name: t1
# type: scalar
1


# name: t2
# type: scalar
3


# name: x
# type: scalar
1


# name: y
# type: scalar
3


